1 1095
1 -940
1 550
1 10
1 -49990
1 605
1 51595
1 -580
1 -1140
1 -700
1 350
1 -99395
1 660
1 355
1 49995
1 550
1 -350
1 800
1 145
1 -255
1 -495
1 -48910
1 1095
1 -1490
1 305
1 1295
1 1445
1 -740
1 1750
1 1595
1 705
1 345
1 410
1 -955
1 850
1 -100
1 345
1 -140
1 100
1 1095
1 -300
1 -595
1 700
1 910
1 -190
1 48960
1 150
1 845
1 50545
1 -49205
1 1150
1 50295
1 -1095
1 1000
1 -355
1 800
1 345
1 50905
1 -145
1 50655
1 800
1 49695
1 100245
1 -695
1 1085
1 295
1 1350
1 400
1 50650
1 -205
1 550
1 650
1 -500
1 -50
1 -745
1 50595
1 455
1 635
1 -940
1 150
1 400
1 850
1 10
1 995
1 -48755
1 -49790
1 48510
1 -35
1 50
1 -49250
1 -200
1 795
1 -550
1 250
1 700
1 695
1 195
1 -255
1 99255
1 1000
1 -245
1 51045
1 550
1 1045
1 0
1 500
1 -1200
1 150
1 -850
1 745
1 55
1 1300
1 49455
1 400
1 300
1 500
1 1000
1 700
1 1700
1 105
1 1400
1 -235
1 495
1 -45
1 150
1 295
1 500
1 -500
1 1645
1 -450
1 600
1 -200
1 710
1 -50395
1 -48795
1 -45
1 550
1 1205
1 795
1 -390
1 -200
1 -850
1 50
1 595
1 -49250
1 1155
1 760
1 745
1 50145
1 45
1 49700
1 -1045
1 -200
1 -150
1 -940
1 -1040
1 -1445
1 445
1 -255
1 845
1 49250
1 -1195
1 655
1 -50545
1 995
1 90
1 50
1 250
1 100
1 405
1 755
1 690
1 50
1 160
1 -295
1 -50255
1 250
1 1800
1 345
1 1390
1 145
1 -150
1 51150
1 250
1 1840
1 -800
1 960
1 155
1 655
1 50695
1 0
1 945
1 50
1 700
1 51750
1 505
1 -440
1 790
1 355
1 705
