3 51850
3 51801
3 51702
3 51651
3 51600
3 51600
3 51600
3 51580
3 51400
3 51400
3 51400
3 51400
3 51300
3 51300
3 51250
3 51195
3 51195
3 51195
3 51194
3 51191
3 51150
3 51106
3 51045
3 51006
3 51006
3 51006
3 51006
3 51006
3 51006
3 51006
3 51095
3 51050
3 2102
3 1656
3 51006
3 51006
3 51150
3 51006
3 50950
3 50749
3 1146
3 51244
3 1154
3 2102
3 1911
3 50244
3 51150
3 51006
3 51250
3 901
3 -49756
3 1405
3 51501
3 50800
3 94
3 1345
3 1145
3 50950
3 50950
3 2102
3 51006
3 51006
3 50244
3 1656
3 1600
3 694
3 1150
3 94
3 52051
3 50249
3 51250
3 51250
3 51651
3 51250
3 94
3 51702
3 150
3 599
3 1150
3 51557
3 50900
3 161
3 51201
3 190
3 49149
3 51456
3 1345
3 51006
3 51201
3 51400
3 1101
3 1500
3 51006
3 51557
3 50699
3 51151
3 -49756
3 51201
3 51006
3 51006
3 50295
3 51651
3 -49756
3 51006
3 51600
3 51345
3 1591
3 -49957
3 51456
3 1850
3 1850
3 2102
3 50056
3 50799
3 51702
3 51300
3 101045
3 1591
3 161
3 51106
3 51151
3 51300
3 -49800
3 1099
3 51001
3 51651
3 51456
3 250
3 51055
3 51651
3 1201
3 50800
3 795
3 51456
3 48759
3 51649
3 50099
3 1262
3 49149
3 51300
3 51400
3 50511
3 51651
3 51006
3 51195
3 51851
3 51901
3 1701
3 50961
3 -49906
3 1911
3 51195
3 51151
3 51151
3 1911
3 51651
3 2646
3 50305
3 1150
3 1850
3 51300
3 51501
3 50406
3 51606
3 1551
3 -312
3 51400
3 1245
3 51096
3 599
3 51201
3 -245
3 -245
3 51250
3 50744
3 51456
3 100645
3 189
3 -49756
3 256
3 100345
3 51050
3 51101
3 51400
3 51700
3 51201
3 901
3 50056
3 1451
3 -48900
3 1345
3 1145
3 1551
3 1201
3 50994
3 -49449
3 2001
3 651
3 51851
3 50939
3 1155
3 -50202
3 50950
3 799
3 -48855
3 1741
3 -48910
3 1416
3 50295
3 155
3 51151
3 1056
3 50394
3 2001
3 51006
3 1701
3 51394
3 51700
3 1850
3 1950
3 -49551
3 1389
3 50754
3 1850
3 1506
3 50961
3 1911
3 51201
3 -49761
3 49155
3 50245
3 248
3 51201
3 145
3 1640
3 50754
3 1349
3 51394
3 -49745
3 445
3 49505
3 51101
3 50244
3 1201
3 51006
3 51006
3 50849
3 -49756
3 51451
3 51400
3 -99705
3 1900
3 2096
3 51456
3 2556
3 1744
3 1201
3 -157
3 51557
3 1591
3 50155
3 640
3 199
3 50799
3 51101
3 50056
3 51300
3 51300
3 256
3 51106
3 256
3 51456
3 2102
3 -49445
3 2646
3 -812
3 50789
3 51201
3 51456
3 1591
3 2252
3 51006
3 51151
3 51250
3 1189
3 -50211
3 445
3 -49449
3 51195
3 599
