7 149195
7 149195
7 149195
7 149195
7 101596
7 101596
7 101596
7 101596
7 101552
7 101546
7 101546
7 101546
7 101496
7 101496
7 101496
7 101496
7 101496
7 101496
7 101496
7 101496
7 101496
7 101496
7 101496
7 101496
7 101496
7 101496
7 101496
7 101496
7 101496
7 101546
7 101496
7 101496
7 101496
7 101496
7 101496
7 101496
7 101496
7 101546
7 101496
7 101496
7 101496
7 101351
7 101546
7 101351
7 101496
7 101596
7 101351
7 101496
7 149195
7 101496
7 101496
7 101596
7 101351
7 101496
7 101546
7 101496
7 101496
7 149195
7 101496
7 101496
7 149195
7 101496
7 101496
7 101496
7 101496
7 101496
7 101496
7 101351
7 101496
7 101496
7 101496
7 101496
7 101351
7 101496
7 101496
7 149195
7 101496
7 101496
7 101496
7 101496
7 101496
7 101351
7 101546
7 101351
7 101496
7 101496
7 101596
7 101496
7 101496
7 101496
7 101546
7 101496
7 101496
7 101496
7 149195
7 101546
7 101546
7 101496
7 101546
7 101496
7 101496
7 101496
7 101496
7 101496
7 149195
7 100145
7 101546
7 101546
7 101496
7 101546
7 100145
7 101496
7 101552
7 101546
7 101496
7 100145
7 101496
7 101596
7 101351
7 101596
7 101351
7 101546
7 100145
7 101546
7 101596
7 101546
7 101496
7 101496
7 101496
7 101546
7 101496
7 101351
7 101496
7 101496
7 101496
7 101596
7 101496
7 101496
7 101496
7 101496
7 149195
7 101496
7 101496
7 101546
7 100145
7 101496
7 101546
7 101351
7 101351
7 101496
7 101496
7 101546
7 149195
7 101496
7 101546
7 101496
7 101496
7 101496
7 101496
7 100145
7 101546
7 101496
7 101496
7 101496
7 101496
7 101496
7 101496
7 101351
7 101496
7 101496
7 101546
7 101496
7 101496
7 101546
7 101596
7 101496
7 101496
7 101546
7 101496
7 101496
7 100145
7 101351
7 101496
7 101496
7 101496
7 101546
7 101496
7 101496
7 100145
7 101496
7 101496
7 101496
7 101496
7 101546
7 101496
7 101351
7 101546
7 101496
7 101546
7 101496
7 101546
7 101496
7 101496
7 149195
7 100145
7 101552
7 101496
7 101496
7 101546
7 101496
7 101496
7 101351
7 101546
7 101546
7 101351
7 101496
7 101496
7 101496
7 100145
7 101496
7 101496
7 101496
7 101496
7 101596
7 101552
7 100145
7 101546
7 101496
7 101552
7 101496
7 101496
7 101496
7 101496
7 101546
7 100145
7 101496
7 149195
7 100145
7 101546
7 101546
7 101546
7 101496
7 101552
7 101496
7 101552
7 101496
7 101496
7 149195
7 101496
7 101596
7 101496
7 101351
7 101496
7 101496
7 101546
7 101496
7 101351
7 101546
7 101496
7 101496
7 101496
7 101546
7 101496
7 100145
7 101546
7 101496
7 101496
7 101546
7 101496
7 101351
7 101496
7 101546
7 101496
7 101496
7 101546
7 101546
7 101546
7 101546
7 101496
7 101351
7 101496
