4 101045
4 100645
4 100345
4 52051
4 51901
4 51851
4 51851
4 51850
4 51801
4 51702
4 51702
4 51702
4 51700
4 51700
4 51651
4 51651
4 51651
4 51651
4 51651
4 51651
4 51651
4 51649
4 51606
4 51600
4 51600
4 51600
4 51600
4 51580
4 51557
4 -48440
4 51495
4 50894
4 1851
4 51194
4 49700
4 51601
4 1540
4 51295
4 50844
4 100390
4 2252
4 50699
4 51606
4 50555
4 51000
4 51394
4 100600
4 393
4 51394
4 51844
4 51196
4 50944
4 51050
4 51651
4 51551
4 51850
4 51844
4 51695
4 51151
4 300
4 51702
4 2250
4 50950
4 51050
4 51150
4 750
4 51295
4 300
4 52052
4 194
4 -48657
4 50150
4 51695
4 51201
4 52101
4 51851
4 1145
4 51244
4 51551
4 51901
4 51600
4 51600
4 50900
4 51700
4 1851
4 51844
4 51600
4 949
4 1640
4 50939
4 51202
4 300
4 300
4 50944
4 51606
4 51444
4 -48344
4 51695
4 100600
4 51250
4 51450
4 51495
4 50749
4 1901
4 51050
4 1600
4 49700
4 51651
4 100390
4 1235
4 1594
4 1549
4 50440
4 101351
4 50056
4 51445
4 50494
4 51345
4 1901
4 50744
4 1844
4 50690
4 893
4 49500
4 1298
4 1594
4 1540
4 51050
4 50844
4 51651
4 51601
4 51201
4 51651
4 51651
4 1298
4 52101
4 50744
4 50944
4 51445
4 1844
4 51501
4 1844
4 51651
4 1946
4 1099
4 50150
4 49700
4 50944
4 51444
4 51851
4 52051
4 51845
4 51799
4 52051
4 1093
4 51050
4 944
4 50990
4 51651
4 1640
4 51651
4 52151
4 100595
4 1101
4 1500
4 50994
4 51706
4 101250
4 51051
4 50406
4 52101
4 51501
4 51699
4 49701
4 583
4 1695
4 51850
4 393
4 50939
4 1251
4 1901
4 52151
4 51194
4 1856
4 2095
4 51651
4 2051
4 51501
4 50251
4 51651
4 51451
4 51489
4 52199
4 51295
4 51495
4 2045
4 639
4 51600
4 1851
4 51500
4 51350
4 52051
4 51651
4 -47700
4 51050
4 -48496
4 50744
4 49500
4 51551
4 50690
4 51600
4 893
4 51850
4 51844
4 52051
4 594
4 52101
4 888
4 50494
4 51244
4 52051
4 50950
4 50150
4 51400
4 1549
4 50300
4 1751
4 51244
4 52202
4 51749
4 49689
4 1606
4 1393
4 1394
4 51295
4 51100
4 51200
4 49700
4 1656
4 51844
4 -48451
4 51600
4 51400
4 49544
4 51795
4 51450
4 50696
4 50251
4 50844
4 51050
4 50844
4 50944
4 51651
4 51450
4 50094
4 51606
4 250
4 51545
4 51550
4 1500
4 51156
4 52095
4 50950
4 2250
4 1551
4 51801
4 2345
4 51600
4 50944
4 51651
4 -48652
4 50894
4 883
4 -48451
4 51844
