2 51850
2 51600
2 51580
2 51400
2 51195
2 51195
2 50845
2 50695
2 50660
2 50645
2 50645
2 50640
2 50105
2 49900
2 49900
2 49705
2 49705
2 49560
2 49505
2 49310
2 -48145
2 50550
2 50251
2 51006
2 -50641
2 1645
2 49849
2 360
2 -47850
2 -49640
2 51006
2 1529
2 49866
2 -49746
2 -48410
2 50949
2 1195
2 51300
2 -47850
2 -48145
2 105
2 -48410
2 1245
2 1899
2 1501
2 594
2 49359
2 989
2 50695
2 51300
2 -49545
2 706
2 1545
2 561
2 1439
2 944
2 -1035
2 -49152
2 848
2 1995
2 -49152
2 360
2 -49152
2 -48145
2 51195
2 1529
2 -49152
2 -49152
2 1394
2 1444
2 -134
2 -48410
2 49004
2 49950
2 51600
2 198
2 49205
2 944
2 -45
2 50551
2 49950
2 49761
2 411
2 49450
2 1640
2 -590
2 1700
2 644
2 1640
2 1529
2 933
2 438
2 756
2 1640
2 799
2 1589
2 1635
2 461
2 1251
2 1156
2 50699
2 51702
2 -49152
2 -47850
2 -540
2 706
2 -48906
2 1444
2 -84
2 944
2 494
2 49900
2 1244
2 50050
2 -48906
2 -1035
2 51006
2 51006
2 49705
2 49205
2 1449
2 49110
2 1545
2 800
2 594
2 51400
2 1434
2 1389
2 1049
2 -50346
2 210
2 1195
2 49900
2 1434
2 -90
2 -540
2 605
2 1294
2 50950
2 1034
2 -691
2 511
2 700
2 -50641
2 50000
2 50061
2 944
2 605
2 49461
2 1345
2 1356
2 51250
2 49899
2 -1142
2 561
2 694
2 300
2 1651
2 1444
2 1349
2 155
2 416
2 989
2 1034
2 1855
2 656
2 50050
2 1690
2 656
2 1434
2 1780
2 -48710
2 1450
2 1495
2 51006
2 51006
2 1600
2 990
2 51045
2 700
2 49110
2 210
2 545
2 750
2 51600
2 1394
2 695
2 -48106
2 1000
2 898
2 999
2 2435
2 50200
2 -484
2 1245
2 366
2 51006
2 50950
2 51194
2 198
2 49461
2 -540
2 50394
2 1450
2 790
2 549
2 -151
2 -451
2 51801
2 351
2 1439
2 -692
2 594
2 50702
2 -49056
2 979
2 1855
2 51106
2 -389
2 -1196
2 -452
2 1489
2 50950
2 1412
2 -647
2 417
2 -49051
2 49359
2 756
2 411
2 49866
2 555
2 1899
2 706
2 1293
2 806
2 159
2 -389
2 1199
2 -496
2 650
2 49249
2 544
2 1100
2 -361
2 50589
2 1640
2 1251
2 2541
2 550
2 860
2 49304
2 1449
2 51191
2 499
2 746
2 1000
2 1545
2 49510
2 550
2 -340
2 51651
2 1295
2 50500
2 51400
2 51400
2 49860
2 411
2 -48640
2 49110
2 995
2 2145
2 1296
2 49866
2 860
2 544
2 1444
2 99
2 150
2 -350
2 1439
2 1100
2 -49152
2 -49152
2 51150
2 1495
2 1345
2 849
2 1444
2 1545
2 990
2 1206
