6 101546
6 101496
6 101496
6 101496
6 101496
6 101351
6 101350
6 101350
6 101350
6 101250
6 101250
6 101250
6 101045
6 101045
6 101045
6 101045
6 101045
6 101045
6 101045
6 101045
6 101045
6 100645
6 100645
6 100645
6 100645
6 100600
6 100600
6 100600
6 100600
6 100595
6 1394
6 100145
6 51500
6 1450
6 101250
6 101250
6 100645
6 101496
6 101351
6 101250
6 51600
6 100145
6 101350
6 1394
6 50950
6 101596
6 101350
6 1450
6 101250
6 101250
6 50444
6 101250
6 101350
6 100645
6 100645
6 100595
6 51600
6 100145
6 101496
6 101596
6 50544
6 51600
6 50444
6 101250
6 51500
6 1394
6 50844
6 100645
6 50544
6 1394
6 1394
6 101045
6 101350
6 100145
6 1394
6 51500
6 101045
6 51445
6 51400
6 1394
6 149195
6 51095
6 101546
6 101496
6 100600
6 101045
6 101350
6 101350
6 100645
6 100645
6 100145
6 101250
6 101350
6 101496
6 100145
6 101045
6 99745
6 1394
6 50444
6 1394
6 51100
6 50544
6 101250
6 101596
6 51500
6 51701
6 101045
6 1450
6 51400
6 101350
6 101496
6 101400
6 50544
6 101250
6 1394
6 1394
6 1394
6 50544
6 51400
6 51600
6 51344
6 51355
6 51394
6 51500
6 51600
6 101350
6 101400
6 50544
6 51701
6 101250
6 101496
6 101045
6 1394
6 101400
6 101250
6 101250
6 101495
6 101496
6 50444
6 101250
6 1394
6 101045
6 51200
6 149195
6 51445
6 101250
6 101045
6 51500
6 51600
6 101250
6 51400
6 1394
6 994
6 149195
6 101250
6 99
6 51400
6 51100
6 99
6 1450
6 51600
6 50844
6 1394
6 101496
6 1394
6 1394
6 101400
6 50950
6 101496
6 101496
6 101400
6 50950
6 1394
6 51600
6 1394
6 51250
6 1394
6 51600
6 99745
6 50950
6 101350
6 51200
6 101552
6 50994
6 51500
6 101350
6 51345
6 1394
6 50544
6 101350
6 100645
6 101496
6 51600
6 50549
6 1394
6 49644
6 51400
6 51600
6 100201
6 101496
6 101350
6 1394
6 50994
6 101495
6 51444
6 100645
6 51400
6 1450
6 51400
6 1394
6 100145
6 1450
6 50744
6 101045
6 101495
6 51001
6 101350
6 51199
6 51500
6 100145
6 101496
6 1450
6 101250
6 1450
6 101250
6 51400
6 50544
6 51445
6 1600
6 51394
6 100600
6 51095
6 50939
6 100550
6 101350
6 101350
6 51400
6 101496
6 101596
6 1450
6 51600
6 101045
6 101350
6 149195
6 50544
6 100645
6 101350
6 51250
6 101250
6 99
6 1394
6 50544
6 100201
6 1394
6 101250
6 101350
6 51651
6 50994
6 101350
6 101250
6 51400
6 1394
6 100755
6 101546
6 1450
6 49644
6 1394
6 51394
6 1250
6 99
6 100600
6 101250
6 101400
6 1450
6 50544
6 51600
6 1394
6 1394
6 50950
6 51600
6 50405
6 50544
6 1450
6 51445
