5 101351
5 101250
5 101045
5 100645
5 100600
5 100600
5 100595
5 100390
5 100390
5 100345
5 52202
5 52199
5 52151
5 52151
5 52101
5 52101
5 52101
5 52101
5 52095
5 52052
5 52051
5 52051
5 52051
5 52051
5 52051
5 52051
5 51901
5 51901
5 50544
5 52095
5 52051
5 52051
5 52052
5 50339
5 100145
5 50799
5 1751
5 49700
5 52051
5 51194
5 51400
5 1201
5 2252
5 51194
5 51201
5 51194
5 51050
5 51201
5 101045
5 101045
5 52052
5 51400
5 50544
5 -47950
5 51050
5 51194
5 52051
5 51050
5 1394
5 51050
5 52101
5 50544
5 2252
5 51600
5 52101
5 2296
5 52151
5 52095
5 52101
5 51201
5 51194
5 51400
5 52051
5 51795
5 52051
5 52095
5 51051
5 51500
5 2045
5 50844
5 51845
5 52051
5 1605
5 51050
5 -801
5 1394
5 52051
5 101045
5 51299
5 299
5 50844
5 52051
5 2551
5 100600
5 1950
5 51795
5 50544
5 51600
5 52101
5 100390
5 51801
5 51350
5 101045
5 50544
5 51050
5 50544
5 51000
5 51606
5 51400
5 101496
5 51400
5 51194
5 50544
5 51050
5 51050
5 101496
5 51351
5 101546
5 52099
5 51050
5 51050
5 50799
5 51845
5 52051
5 51194
5 1605
5 101045
5 1399
5 52051
5 50799
5 101496
5 100390
5 51394
5 2051
5 100645
5 101045
5 50251
5 1600
5 51695
5 51050
5 51801
5 50950
5 51649
5 1600
5 2252
5 50844
5 51050
5 51194
5 51795
5 52101
5 51795
5 51400
5 52051
5 50544
5 51394
5 1394
5 50799
5 52051
5 299
5 2252
5 101045
5 50544
5 51344
5 51351
5 51845
5 51796
5 52101
5 52051
5 51850
5 1195
5 101350
5 51651
5 52051
5 51194
5 51400
5 50799
5 100645
5 100390
5 1751
5 1600
5 50844
5 1600
5 49644
5 50444
5 52099
5 52151
5 2045
5 51651
5 52101
5 999
5 52051
5 51400
5 1394
5 50099
5 52051
5 52101
5 51200
5 51050
5 1751
5 51400
5 2051
5 51845
5 101045
5 51845
5 1394
5 50699
5 101250
5 52099
5 50695
5 2045
5 100145
5 100645
5 994
5 51151
5 51050
5 52095
5 1600
5 50944
5 50844
5 2045
5 51355
5 51050
5 101350
5 50950
5 1600
5 50544
5 52101
5 50944
5 51050
5 50994
5 1600
5 100145
5 51050
5 101250
5 52051
5 51050
5 99550
5 1200
5 52051
5 100600
5 51140
5 51649
5 51050
5 1751
5 101350
5 51145
5 50099
5 50799
5 51050
5 52101
5 1600
5 52151
5 51606
5 51050
5 100345
5 52099
5 2045
5 51194
5 51050
5 51445
5 50844
5 51050
5 1394
5 51445
5 52101
5 51649
5 52101
5 50799
5 51400
5 51400
5 1055
5 2051
5 51752
5 51400
5 51201
5 50544
5 51795
5 50150
5 51845
5 2051
5 51901
5 51350
5 52095
5 50844
5 51000
5 50200
5 52101
5 51050
5 51050
5 51400
5 50339
5 101496
5 51194
5 52101
